Left:
('D = ', [0.0, 0.0, 0.0, 0.0, 0.0, 0.0, 0.0, 0.0])
('K = ', [2388.430414747061, 0.0, 1216.5190953470453, 0.0, 2389.794459314318, 986.5913267601998, 0.0, 0.0, 1.0])
('R = ', [0.9953980692548524, -0.030861673717789185, -0.09072067470565265, 0.030298083085572584, 0.9995121406852733, -0.007583322759976834, 0.09091044981217435, 0.004799762294006229, 0.9958475045893669])
('P = ', [3387.124668793443, 0.0, 1269.384843826294, 0.0, 0.0, 3387.124668793443, 920.8045673370361, 0.0, 0.0, 0.0, 1.0, 0.0])

Right:
('D = ', [0.0, 0.0, 0.0, 0.0, 0.0, 0.0, 0.0, 0.0])
('K = ', [773.5135142866824, 0.0, 1236.6293167827068, 0.0, 772.9062724581391, 1012.5817140692204, 0.0, 0.0, 1.0])
('R = ', [0.996246781206184, -0.022460859402393243, -0.08359342516743597, 0.02297908269424948, 0.9997222017182321, 0.005242246673046683, 0.08345245769208144, -0.0071434716039296756, 0.9964861555077397])
('P = ', [3387.124668793443, 0.0, 1269.384843826294, 241.94450442538232, 0.0, 3387.124668793443, 920.8045673370361, 0.0, 0.0, 0.0, 1.0, 0.0])
('self.T ', [0.07116255152491158, -0.001604393705123346, -0.005971132391935263])
('self.R ', [0.999945045137416, -0.007377419009499815, -0.007448516220652113, 0.0072827540304725375, 0.9998933706786298, -0.012657360177373065, 0.007541100640004937, 0.012602418882356843, 0.9998921496038715])
None
# oST version 5.0 parameters


[image]

width
1920

height
1440

[narrow_stereo/left]

camera matrix
2388.430415 0.000000 1216.519095
0.000000 2389.794459 986.591327
0.000000 0.000000 1.000000

distortion
0.000000 0.000000 0.000000 0.000000 0.000000 0.000000 0.000000 0.000000

rectification
0.995398 -0.030862 -0.090721
0.030298 0.999512 -0.007583
0.090910 0.004800 0.995848

projection
3387.124669 0.000000 1269.384844 0.000000
0.000000 3387.124669 920.804567 0.000000
0.000000 0.000000 1.000000 0.000000

# oST version 5.0 parameters


[image]

width
1920

height
1440

[narrow_stereo/right]

camera matrix
773.513514 0.000000 1236.629317
0.000000 772.906272 1012.581714
0.000000 0.000000 1.000000

distortion
0.000000 0.000000 0.000000 0.000000 0.000000 0.000000 0.000000 0.000000

rectification
0.996247 -0.022461 -0.083593
0.022979 0.999722 0.005242
0.083452 -0.007143 0.996486

projection
3387.124669 0.000000 1269.384844 241.944504
0.000000 3387.124669 920.804567 0.000000
0.000000 0.000000 1.000000 0.000000


